002700008090003700000000000003209040000000573600000900007300005930406020080500060
090600840040010600800000100000490051000006000500080960035042000000000000210900000
000080000200004003000709850700000004054000090000900020070602900000050030000000406
103000004002300600600090080000080000000060200000000010390000000050006920204900003
930070080705000304080004000000835009008090500020000000000200010000003900050040003
090250000001000020000000000020600709900000804407091000806002500000008260050009100
000000109000000057050021400002340700540000060000002901300007506000000000401600290
002000007010905060300702089007096031630007000005000000500000000001000006070300000
010070200000300008000604090084090000201007000000003640093000070060000000700000060
000000805500300009290004000300600000480239000000000500000010000630950008902003000
160300000009060000803000000000908061001030590040000000786400900400000000005601000
010700049000060030070002000400200350003000070605090000000000400000906000200005700
460002057000103090200000060004090000325000000000600210900400003150000000000500000
040000000070009008109800000001030807400080010000900500054700000827041000000000030
700130000000400000001059420050713009000080002800025000900000003007000104400000800
000094600000010027000250003060000000104000700070000000009030050002071000003500902
040000000000008597000030000920003001080001050031050820000040100409020000010800070
000700250007500001000301000100000000520000000090200503801000709000050018700000340
003206000000503024000009005030000200570000900400030007090000800000700006080000752
000001500200980031006500700002036007500802360600050180000008000300000200000100000
000000000708039000060000000200000508007800400406500003050003900040070006900026080
200004000000000008000018000415300000300100900000000060040230600800409000603050290
060503090200760080004000003002000800000020000000807006408006250300000004005970060
038902070120500009750000200000650000000009000000800005000061900600000027070000058
050060300480000000006001005090000000040800032802000100003100690600003540000000080
000708000000040200000960100002006030908000000007010680020039000800420900000000006
000020800209500000007000000000001059700900008030008000005107400000004005100300072
002106300000000000010080905540010002000000031000000000029000000481030060030092084
000015300000074000008300200070050068800740000000000000400000720500000040012086050
000092700100378002000501800000000000008105000030900000000040010090703020247000005
016002093520800000000670200031000000005003008290000700060000009900000382000080070
060000100000070983000005070600000010315800209009000800080030500002006300790000020
100000400703004286042000090000090000006708009000001007009106000610200003000003000
000540703000001000000039506000003100002976000500020000040000000050600030607010204
000000320090001000460000507000000009000007002070004030600000000007109040540200900
960004050100000000048090000000002514050080007200010890620008000000000000405906080
900200080530800900004300000020910500000004300800000010000000700090070040001005200
010000300500300079040000005000105000700000542000000090009007000600200930305410027
001000800600003001230008500306010000900204000000095040000300025080002000000000030
829000000004008000000400200010000900000207050000090410072050680600800100001040029
000029040030600000200001000068000000900043000003210800800900000070060000109378600
900205870306700000000000009000000400000000358000080060700006020600043007503920000
100000320080007000000000100600304850000051402700000000070230040068000030000040008
000802009060000002570006000600000018308005020900030007080000005100000600000100000
800000140400000003062000700700000001003000002000400650005700030000062800020100000
000700010010593700650000090000000070003001408000800001940150006000080500000009040
040000083300709040200000050000604900800002007002097630000000060003260000500000000
005780040800006005300004000000060000500903700106000390000000010000005070900170008
000802560000001709000000003690020008021970000350010000000000600000000931100307050
600000000104000260000609031050000013400030608000002009000200000000085000010000500
