106000007002000600070068400000097004910000003000010070003080010001200700800004090
080010400470060030065802007638000000000000000000500040004007810000000050000008006
500108020000204000000060000050406900000029000200000087702000009400001000009080140
009004000430097085025800000000000378003000640000000009002000000900605004000008520
090603007006001000030920001017350009020000000900107020000000380500000002079000000
000100000005620100000000400500209010060400809000000275090000006270010500600907000
007050002200004090000700560000000105003000000004605000300040070105000006002907300
009052300030060007120070000070000400000004036300600090600000020000000500040307600
206003500000080000038052070040030897007405300002000040000000000500000486060000230
000000100182000090090800000605000002000104000000000900301960040050080600020300000
430001890060000100201000000007000000840000000100008206302049001000102930000806007
270000900050000012900000000040980050500000001738500490000800200009300040300010700
001000000000800000000035000300200708060000103020700400080000050730600800006340007
200000009030020407006489301000007000002000003400300090067004000104908000000000008
700000000000802605080010009560090120000000508000100000209053000070600000800000230
050006090400000106160080400040000000001000045300000007010370500039400070005000600
400030901020000053300205000000810030000602090005043010210400000084060000000000008
320000508000036000006000002800052003000310000001084090009008034010000000000040900
000600010700000009000900260000200006000000175900010000803109700526087030007000080
700000008000400030000218650031007006000000003670020480400060000000030000000580100
100000000000050028000090030050380940910020003008400200040000090390800000002000057
000000280602000400009020031000000007003009000060000018100602000000408090408170060
010020000007800000000601073070005000000002306006000050000008500500000102089103000
600090200407000809059008010276000508010000600000400000000004000000716000000000002
500016004000000000300000080000070001604005070001324000400200005180050400000043000
000082003200004900010030060068000270700001090300000086000203000830400000900000000
000094006000000240280000000620000400000700018000000000000100900140805600005040100
000609080000010700090804000006020800800306004700900306004000000130700000007000400
000000307200000000090500010300001029402060000000000604000026000000907003100000500
000410320000000000000260000026074009003680001400000000204000070080009000609841000
000280000050000206000000900700802600008310090039050000100000070020030000070508030
308570004406800000510006002000000100800004007200000000100030520002060400000180000
860047020000000650700000000030700000527010060080362000200008000006050000000430100
090040030810200000705009010050000079000000500000000004080503200007002900400810000
000000208000490000040070300208009005307600000900720060800360900000008000005900000
800000400040200070370000000000600001000830090090000037680000910004000020037090004
000927100000100400000003070030200610407000000000400002071090003002010000000050900
003400000065000800000001600400030000080500000900000000090080106000750034007006080
004070008790008100500030000930701004000359720000000000000495080000010300000800400
056000798000750020000000000370900006400060000002005000000026804000407030000380002
090700010800930005020000300000070050007001000005000708050100060000800200000002003
010590083008400102900000000405802600000059000001640000000060204600080000002001000
010270008003009600000000097000000324004018000760000100002060000089000010430000000
000907000207000000380400071000000000008030047090701000000302080003004002100850000
000008090000037000032050000000085400700100002019400080008002000070300000400090007
067000000103020000240000600000010030074300500500600020006005004000001005020840000
900060070000001290100000406000024030560017904204300005000003000076000000310000007
060000250000000006007100400100500020000000047003000100006320000800000700072601300
310260070020080090400100008970800030030001004800003100706000000000000000004006000
008103050000000000030009000001600000784000000609004000100305068006090504000000009
