592060400600043000000900080020600000003008060006200570008000000000405000940080000
000006050000000806800000120000003460401078000002060070004000017070005300300000500
009800000006000007080215000000780000600000000800009520004000070200040100017050460
000001082000080064000000000540068010000000506320000000032100800870504000104000037
007006200000080000009542000204961070000700005000020100400000050001809000080000000
004000000000002070003070408000006000000810500060045200800537000000600000670100850
500300406003600000000409000105093060090100000000006000070040005950000700308000009
800053010060094000000200000083605000010000000500040000009000340004530000020001960
540060100000040000070001900000600090410805003607000005000050000000009300039007040
014600002000070030300050046000000000600802000100030070700301000003420810800005000
000030000620000100100000700710002900000008001039000820000006507250800000000107090
000040000500000008802000600200000060009100003600709040400000320001090800060005010
004050070000004091030070600000605000008900000010037800000000900100500000007060084
000409003004000712000000060407002000006500100000030000002604000000021005000050906
000700400000160000000049800007000000060051082000000600720005104604090000000002006
005840090810900000000000000082000100000000000073000205001003570009508020020014300
007000040801000709000000000962000000400000000005020086706209010004018900500070400
000030095600504270039006004010605000720940000000002000090000400000400012050001000
800003000070080490600000020500030000900560300040902070000000702000700080000000540
200007300009203805000006079064000000000000600305000000050802030087005020030040006
801090500340070086060000000000000040000040001500006000030010000000700369400900100
150000000000200007400675100000010006000400200000069000040000980006040500908500000
040501000050009700000006009100000000003080070075000004090000031030400097000100480
000000050000001800000059000006004700080300010900010500800076300090008001074903000
000010080009005000000400600010000006020030508090201430080020059000140300000900060
850000000000000200030000785006078100003604000000120000240500003070000010500000802
000070100051900000007000000708006001000000047000041030500804900010035600000000000
008000042004090063030000900000000000100000000000008250006905010490010600820006000
003060000002700040806301000000100700000200308000080000200007035300400000600050201
604090080008010062013000000002004130000000005950000200000301009000080504000009000
700009060240300700008000000000000080307000400001600002810000046002400090670000800
001000000570000003630100950000380074000691000053000006067040000000000401080000000
000000090000000000050008000060700040840006200900005008798230005500004007200050030
000060800000010074071000006003007500405038620008001003000400200064000100000000000
003008000840007000005000000070080040009000100480000395600003410050600070304010000
000900000000605170003701028080000000901000000702508600605093000270000000008007000
105004000426000800900000600000041020300900400001600090000000050000080002500200930
002000009000020001300068250040000100003090800000000000008053904200601003005000010
320000000006000053040100700000600030080501000001748006000000000005007401010080000
000080029003001006700200003030960000010007000200400000490000080070009000000726000
020700000001000000950008100000207008000000000086030270802600030090300500070900000
000000000000300400100400007570100000200000090009020615300507200004960000900004001
000001600900000040056000090800970050500000004000000100010000480009000020705804006
026081000500900000890000020000400002680000490107009060000200000400560001000008000
000005007600200840000030690300000000050070000040000089079006000000793006206004000
000000000000000605000600302500000100698500003003780006030070200857006000102300008
000000006008507390009030700400705930700001080506390104075000000000009000000000060
008900000100000300000401798000000030060800009020139004080600100000040007300000960
009060000000419500000000200100000070903020050020590140000670000600005010040000700
064003000030040910200506830590008000000000000042600500006000050900000000083205600
